[38, 126, 820, 572]
[139, 384, 165, 420]
[181, 397, 205, 423]
[261, 349, 283, 394]
[545, 422, 562, 455]
[705, 422, 721, 464]
[496, 348, 513, 387]
[571, 349, 591, 396]
[297, 416, 309, 430]
[763, 410, 776, 431]
[749, 409, 763, 431]
[84, 224, 149, 394]
[394, 86, 874, 273]
[142, 252, 222, 393]
[34, 246, 78, 350]
[186, 68, 475, 268]
[237, 242, 266, 320]
[267, 245, 292, 318]
[341, 250, 366, 314]
[155, 243, 175, 316]
[321, 248, 343, 315]
[803, 159, 816, 178]
[305, 249, 321, 303]
[186, 290, 222, 369]
[289, 248, 305, 307]
[360, 247, 374, 290]
[215, 250, 231, 303]
[187, 315, 222, 369]
[79, 248, 99, 345]
[476, 253, 695, 406]
[23, 366, 492, 625]
[912, 131, 977, 193]
[677, 194, 809, 309]
[765, 186, 879, 258]
[374, 440, 491, 500]
[860, 167, 932, 220]
[485, 441, 524, 462]
[38, 126, 820, 572]
[139, 384, 165, 420]
[181, 397, 205, 423]
[261, 349, 283, 394]
[545, 422, 562, 455]
[705, 422, 721, 464]
[496, 348, 513, 387]
[571, 349, 591, 396]
[297, 416, 309, 430]
[763, 410, 776, 431]
[749, 409, 763, 431]
[84, 224, 149, 394]
[394, 86, 874, 273]
[142, 252, 222, 393]
[34, 246, 78, 350]
[186, 68, 475, 268]
[237, 242, 266, 320]
[267, 245, 292, 318]
[341, 250, 366, 314]
[155, 243, 175, 316]
[321, 248, 343, 315]
[803, 159, 816, 178]
[305, 249, 321, 303]
[186, 290, 222, 369]
[289, 248, 305, 307]
[360, 247, 374, 290]
[215, 250, 231, 303]
[187, 315, 222, 369]
[79, 248, 99, 345]
[476, 253, 695, 406]
[23, 366, 492, 625]
[912, 131, 977, 193]
[677, 194, 809, 309]
[765, 186, 879, 258]
[374, 440, 491, 500]
[860, 167, 932, 220]
[485, 441, 524, 462]
[38, 126, 820, 572]
[139, 384, 165, 420]
[181, 397, 205, 423]
[261, 349, 283, 394]
[545, 422, 562, 455]
[705, 422, 721, 464]
[496, 348, 513, 387]
[571, 349, 591, 396]
[297, 416, 309, 430]
[763, 410, 776, 431]
[749, 409, 763, 431]
[84, 224, 149, 394]
[394, 86, 874, 273]
[142, 252, 222, 393]
[34, 246, 78, 350]
[186, 68, 475, 268]
[237, 242, 266, 320]
[267, 245, 292, 318]
[341, 250, 366, 314]
[155, 243, 175, 316]
[321, 248, 343, 315]
[803, 159, 816, 178]
[305, 249, 321, 303]
[186, 290, 222, 369]
[289, 248, 305, 307]
[360, 247, 374, 290]
[215, 250, 231, 303]
[187, 315, 222, 369]
[79, 248, 99, 345]
[476, 253, 695, 406]
[23, 366, 492, 625]
[912, 131, 977, 193]
[677, 194, 809, 309]
[765, 186, 879, 258]
[374, 440, 491, 500]
[860, 167, 932, 220]
[485, 441, 524, 462]
[38, 126, 820, 572]
[139, 384, 165, 420]
[181, 397, 205, 423]
[261, 349, 283, 394]
[545, 422, 562, 455]
[705, 422, 721, 464]
[496, 348, 513, 387]
[571, 349, 591, 396]
[297, 416, 309, 430]
[763, 410, 776, 431]
[749, 409, 763, 431]
[84, 224, 149, 394]
[394, 86, 874, 273]
[142, 252, 222, 393]
[34, 246, 78, 350]
[186, 68, 475, 268]
[237, 242, 266, 320]
[267, 245, 292, 318]
[341, 250, 366, 314]
[155, 243, 175, 316]
[321, 248, 343, 315]
[803, 159, 816, 178]
[305, 249, 321, 303]
[186, 290, 222, 369]
[289, 248, 305, 307]
[360, 247, 374, 290]
[215, 250, 231, 303]
[187, 315, 222, 369]
[79, 248, 99, 345]
[476, 253, 695, 406]
[23, 366, 492, 625]
[912, 131, 977, 193]
[677, 194, 809, 309]
[765, 186, 879, 258]
[374, 440, 491, 500]
[860, 167, 932, 220]
[485, 441, 524, 462]
[38, 126, 820, 572]
[139, 384, 165, 420]
[181, 397, 205, 423]
[261, 349, 283, 394]
[545, 422, 562, 455]
[705, 422, 721, 464]
[496, 348, 513, 387]
[571, 349, 591, 396]
[297, 416, 309, 430]
[763, 410, 776, 431]
[749, 409, 763, 431]
[84, 224, 149, 394]
[394, 86, 874, 273]
[142, 252, 222, 393]
[34, 246, 78, 350]
[186, 68, 475, 268]
[237, 242, 266, 320]
[267, 245, 292, 318]
[341, 250, 366, 314]
[155, 243, 175, 316]
[321, 248, 343, 315]
[803, 159, 816, 178]
[305, 249, 321, 303]
[186, 290, 222, 369]
[289, 248, 305, 307]
[360, 247, 374, 290]
[215, 250, 231, 303]
[187, 315, 222, 369]
[79, 248, 99, 345]
[476, 253, 695, 406]
[23, 366, 492, 625]
[912, 131, 977, 193]
[677, 194, 809, 309]
[765, 186, 879, 258]
[374, 440, 491, 500]
[860, 167, 932, 220]
[485, 441, 524, 462]
[38, 126, 820, 572]
[139, 384, 165, 420]
[181, 397, 205, 423]
[261, 349, 283, 394]
[545, 422, 562, 455]
[705, 422, 721, 464]
[496, 348, 513, 387]
[571, 349, 591, 396]
[297, 416, 309, 430]
[763, 410, 776, 431]
[749, 409, 763, 431]
[84, 224, 149, 394]
[394, 86, 874, 273]
[142, 252, 222, 393]
[34, 246, 78, 350]
[186, 68, 475, 268]
[237, 242, 266, 320]
[267, 245, 292, 318]
[341, 250, 366, 314]
[155, 243, 175, 316]
[321, 248, 343, 315]
[803, 159, 816, 178]
[305, 249, 321, 303]
[186, 290, 222, 369]
[289, 248, 305, 307]
[360, 247, 374, 290]
[215, 250, 231, 303]
[187, 315, 222, 369]
[79, 248, 99, 345]
[476, 253, 695, 406]
[23, 366, 492, 625]
[912, 131, 977, 193]
[677, 194, 809, 309]
[765, 186, 879, 258]
[374, 440, 491, 500]
[860, 167, 932, 220]
[485, 441, 524, 462]
[38, 126, 820, 572]
[139, 384, 165, 420]
[181, 397, 205, 423]
[261, 349, 283, 394]
[545, 422, 562, 455]
[705, 422, 721, 464]
[496, 348, 513, 387]
[571, 349, 591, 396]
[297, 416, 309, 430]
[763, 410, 776, 431]
[749, 409, 763, 431]
[84, 224, 149, 394]
[394, 86, 874, 273]
[142, 252, 222, 393]
[34, 246, 78, 350]
[186, 68, 475, 268]
[237, 242, 266, 320]
[267, 245, 292, 318]
[341, 250, 366, 314]
[155, 243, 175, 316]
[321, 248, 343, 315]
[803, 159, 816, 178]
[305, 249, 321, 303]
[186, 290, 222, 369]
[289, 248, 305, 307]
[360, 247, 374, 290]
[215, 250, 231, 303]
[187, 315, 222, 369]
[79, 248, 99, 345]
[476, 253, 695, 406]
[23, 366, 492, 625]
[912, 131, 977, 193]
[677, 194, 809, 309]
[765, 186, 879, 258]
[374, 440, 491, 500]
[860, 167, 932, 220]
[485, 441, 524, 462]
[38, 126, 820, 572]
[139, 384, 165, 420]
[181, 397, 205, 423]
[261, 349, 283, 394]
[545, 422, 562, 455]
[705, 422, 721, 464]
[496, 348, 513, 387]
[571, 349, 591, 396]
[297, 416, 309, 430]
[763, 410, 776, 431]
[749, 409, 763, 431]
[84, 224, 149, 394]
[394, 86, 874, 273]
[142, 252, 222, 393]
[34, 246, 78, 350]
[186, 68, 475, 268]
[237, 242, 266, 320]
[267, 245, 292, 318]
[341, 250, 366, 314]
[155, 243, 175, 316]
[321, 248, 343, 315]
[803, 159, 816, 178]
[305, 249, 321, 303]
[186, 290, 222, 369]
[289, 248, 305, 307]
[360, 247, 374, 290]
[215, 250, 231, 303]
[187, 315, 222, 369]
[79, 248, 99, 345]
[476, 253, 695, 406]
[23, 366, 492, 625]
[912, 131, 977, 193]
[677, 194, 809, 309]
[765, 186, 879, 258]
[374, 440, 491, 500]
[860, 167, 932, 220]
[485, 441, 524, 462]
[38, 126, 820, 572]
[139, 384, 165, 420]
[181, 397, 205, 423]
[261, 349, 283, 394]
[545, 422, 562, 455]
[705, 422, 721, 464]
[496, 348, 513, 387]
[571, 349, 591, 396]
[297, 416, 309, 430]
[763, 410, 776, 431]
[749, 409, 763, 431]
[84, 224, 149, 394]
[394, 86, 874, 273]
[142, 252, 222, 393]
[34, 246, 78, 350]
[186, 68, 475, 268]
[237, 242, 266, 320]
[267, 245, 292, 318]
[341, 250, 366, 314]
[155, 243, 175, 316]
[321, 248, 343, 315]
[803, 159, 816, 178]
[305, 249, 321, 303]
[186, 290, 222, 369]
[289, 248, 305, 307]
[360, 247, 374, 290]
[215, 250, 231, 303]
[187, 315, 222, 369]
[79, 248, 99, 345]
[476, 253, 695, 406]
[23, 366, 492, 625]
[912, 131, 977, 193]
[677, 194, 809, 309]
[765, 186, 879, 258]
[374, 440, 491, 500]
[860, 167, 932, 220]
[485, 441, 524, 462]
[38, 126, 820, 572]
[139, 384, 165, 420]
[181, 397, 205, 423]
[261, 349, 283, 394]
[545, 422, 562, 455]
[705, 422, 721, 464]
[496, 348, 513, 387]
[571, 349, 591, 396]
[297, 416, 309, 430]
[763, 410, 776, 431]
[749, 409, 763, 431]
[38, 126, 820, 572]
[139, 384, 165, 420]
[181, 397, 205, 423]
[261, 349, 283, 394]
[545, 422, 562, 455]
[705, 422, 721, 464]
[496, 348, 513, 387]
[571, 349, 591, 396]
[297, 416, 309, 430]
[763, 410, 776, 431]
[749, 409, 763, 431]
[476, 253, 695, 406]
[23, 366, 492, 625]
[912, 131, 977, 193]
[677, 194, 809, 309]
[765, 186, 879, 258]
[374, 440, 491, 500]
[860, 167, 932, 220]
[485, 441, 524, 462]
[38, 126, 820, 572]
[139, 384, 165, 420]
[181, 397, 205, 423]
[261, 349, 283, 394]
[545, 422, 562, 455]
[705, 422, 721, 464]
[496, 348, 513, 387]
[571, 349, 591, 396]
[297, 416, 309, 430]
[763, 410, 776, 431]
[749, 409, 763, 431]
[84, 224, 149, 394]
[394, 86, 874, 273]
[142, 252, 222, 393]
[34, 246, 78, 350]
[186, 68, 475, 268]
[237, 242, 266, 320]
[267, 245, 292, 318]
[341, 250, 366, 314]
[155, 243, 175, 316]
[321, 248, 343, 315]
[803, 159, 816, 178]
[305, 249, 321, 303]
[186, 290, 222, 369]
[289, 248, 305, 307]
[360, 247, 374, 290]
[215, 250, 231, 303]
[187, 315, 222, 369]
[79, 248, 99, 345]
[38, 126, 820, 572]
[139, 384, 165, 420]
[181, 397, 205, 423]
[261, 349, 283, 394]
[545, 422, 562, 455]
[705, 422, 721, 464]
[496, 348, 513, 387]
[571, 349, 591, 396]
[297, 416, 309, 430]
[763, 410, 776, 431]
[749, 409, 763, 431]
[84, 224, 149, 394]
[394, 86, 874, 273]
[142, 252, 222, 393]
[34, 246, 78, 350]
[186, 68, 475, 268]
[237, 242, 266, 320]
[267, 245, 292, 318]
[341, 250, 366, 314]
[155, 243, 175, 316]
[321, 248, 343, 315]
[803, 159, 816, 178]
[305, 249, 321, 303]
[186, 290, 222, 369]
[289, 248, 305, 307]
[360, 247, 374, 290]
[215, 250, 231, 303]
[187, 315, 222, 369]
[79, 248, 99, 345]
[476, 253, 695, 406]
[23, 366, 492, 625]
[912, 131, 977, 193]
[677, 194, 809, 309]
[765, 186, 879, 258]
[374, 440, 491, 500]
[860, 167, 932, 220]
[485, 441, 524, 462]
[476, 253, 695, 406]
[23, 366, 492, 625]
[912, 131, 977, 193]
[677, 194, 809, 309]
[765, 186, 879, 258]
[374, 440, 491, 500]
[860, 167, 932, 220]
[485, 441, 524, 462]
[84, 224, 149, 394]
[394, 86, 874, 273]
[142, 252, 222, 393]
[34, 246, 78, 350]
[186, 68, 475, 268]
[237, 242, 266, 320]
[267, 245, 292, 318]
[341, 250, 366, 314]
[155, 243, 175, 316]
[321, 248, 343, 315]
[803, 159, 816, 178]
[305, 249, 321, 303]
[186, 290, 222, 369]
[289, 248, 305, 307]
[360, 247, 374, 290]
[215, 250, 231, 303]
[187, 315, 222, 369]
[79, 248, 99, 345]
[38, 126, 820, 572]
[139, 384, 165, 420]
[181, 397, 205, 423]
[261, 349, 283, 394]
[545, 422, 562, 455]
[705, 422, 721, 464]
[496, 348, 513, 387]
[571, 349, 591, 396]
[297, 416, 309, 430]
[763, 410, 776, 431]
[749, 409, 763, 431]
[38, 126, 820, 572]
[139, 384, 165, 420]
[181, 397, 205, 423]
[261, 349, 283, 394]
[545, 422, 562, 455]
[705, 422, 721, 464]
[496, 348, 513, 387]
[571, 349, 591, 396]
[297, 416, 309, 430]
[763, 410, 776, 431]
[749, 409, 763, 431]
[84, 224, 149, 394]
[394, 86, 874, 273]
[142, 252, 222, 393]
[34, 246, 78, 350]
[186, 68, 475, 268]
[237, 242, 266, 320]
[267, 245, 292, 318]
[341, 250, 366, 314]
[155, 243, 175, 316]
[321, 248, 343, 315]
[803, 159, 816, 178]
[305, 249, 321, 303]
[186, 290, 222, 369]
[289, 248, 305, 307]
[360, 247, 374, 290]
[215, 250, 231, 303]
[187, 315, 222, 369]
[79, 248, 99, 345]
[476, 253, 695, 406]
[23, 366, 492, 625]
[912, 131, 977, 193]
[677, 194, 809, 309]
[765, 186, 879, 258]
[374, 440, 491, 500]
[860, 167, 932, 220]
[485, 441, 524, 462]
[38, 126, 820, 572]
[139, 384, 165, 420]
[181, 397, 205, 423]
[261, 349, 283, 394]
[545, 422, 562, 455]
[705, 422, 721, 464]
[496, 348, 513, 387]
[571, 349, 591, 396]
[297, 416, 309, 430]
[763, 410, 776, 431]
[749, 409, 763, 431]
[84, 224, 149, 394]
[394, 86, 874, 273]
[142, 252, 222, 393]
[34, 246, 78, 350]
[186, 68, 475, 268]
[237, 242, 266, 320]
[267, 245, 292, 318]
[341, 250, 366, 314]
[155, 243, 175, 316]
[321, 248, 343, 315]
[803, 159, 816, 178]
[305, 249, 321, 303]
[186, 290, 222, 369]
[289, 248, 305, 307]
[360, 247, 374, 290]
[215, 250, 231, 303]
[187, 315, 222, 369]
[79, 248, 99, 345]
[476, 253, 695, 406]
[23, 366, 492, 625]
[912, 131, 977, 193]
[677, 194, 809, 309]
[765, 186, 879, 258]
[374, 440, 491, 500]
[860, 167, 932, 220]
[485, 441, 524, 462]
[38, 126, 820, 572]
[139, 384, 165, 420]
[181, 397, 205, 423]
[261, 349, 283, 394]
[545, 422, 562, 455]
[705, 422, 721, 464]
[496, 348, 513, 387]
[571, 349, 591, 396]
[297, 416, 309, 430]
[763, 410, 776, 431]
[749, 409, 763, 431]
[84, 224, 149, 394]
[394, 86, 874, 273]
[142, 252, 222, 393]
[34, 246, 78, 350]
[186, 68, 475, 268]
[237, 242, 266, 320]
[267, 245, 292, 318]
[341, 250, 366, 314]
[155, 243, 175, 316]
[321, 248, 343, 315]
[803, 159, 816, 178]
[305, 249, 321, 303]
[186, 290, 222, 369]
[289, 248, 305, 307]
[360, 247, 374, 290]
[215, 250, 231, 303]
[187, 315, 222, 369]
[79, 248, 99, 345]
[476, 253, 695, 406]
[23, 366, 492, 625]
[912, 131, 977, 193]
[677, 194, 809, 309]
[765, 186, 879, 258]
[374, 440, 491, 500]
[860, 167, 932, 220]
[485, 441, 524, 462]
[38, 126, 820, 572]
[139, 384, 165, 420]
[181, 397, 205, 423]
[261, 349, 283, 394]
[545, 422, 562, 455]
[705, 422, 721, 464]
[496, 348, 513, 387]
[571, 349, 591, 396]
[297, 416, 309, 430]
[763, 410, 776, 431]
[749, 409, 763, 431]
[84, 224, 149, 394]
[394, 86, 874, 273]
[142, 252, 222, 393]
[34, 246, 78, 350]
[186, 68, 475, 268]
[237, 242, 266, 320]
[267, 245, 292, 318]
[341, 250, 366, 314]
[155, 243, 175, 316]
[321, 248, 343, 315]
[803, 159, 816, 178]
[305, 249, 321, 303]
[186, 290, 222, 369]
[289, 248, 305, 307]
[360, 247, 374, 290]
[215, 250, 231, 303]
[187, 315, 222, 369]
[79, 248, 99, 345]
[476, 253, 695, 406]
[23, 366, 492, 625]
[912, 131, 977, 193]
[677, 194, 809, 309]
[765, 186, 879, 258]
[374, 440, 491, 500]
[860, 167, 932, 220]
[485, 441, 524, 462]
